440304201110240721
320482198408095603
440308201312080311
422428197705053322
440308201408102220
440301199007240126
440308201109082223
440301198311230120
440308201208301014
440301198207302921
440304201302067679
440803197302202422
441581201108070617
442522196404141827
440308201301102239
441522198801250689
440304201407127121
36042919871202002x
440308201305230326
440301198008100155
361123201402200042
362323195306082828
440308201309092223
440301198204250628
44030320130120273x
431121198501280026
440308201406180348
44132319861103602x
440582198102252912
44030820131007222x
440303201211174536
H60188394
440308201110310318
440301196712010111
440308201211272250
230781197105135720
440308201211272277
430404197303251018
44030820120328223X
431281198403042229

440301198311254421
440308201209052224
412827198406280021
44030820111125221X
440301198405254641
440308201204091021
440301198112290112
440202198112140924
440308201202161014
220102198305103146
44030820130627032X
440308201310200316
445281198806275129
440308201309212213
421126198305165119
440308201204132225
421022198609040023
440308201301212227
441826198007141719
622101195612271728
440308201202212221
440304201304276415
440301198306250127
44030520140609225X
210804197712161022
440308201211192218
441622198002116278
440304201311227427
430423198401090047
440308201201282228
350825198505243823
